6 6 6 1
1 1 1 0
4 4 4 0
1 1 1 1 1 1 Z=1
1 1 1 1 1 1
1 1 1 1 1 1
0 0 0 1 1 1
0 0 0 1 1 1
0 0 0 1 1 1
1 1 1 1 1 1 Z=2
1 0 0 0 0 1
1 1 1 1 0 1
0 0 0 1 0 1
0 0 0 1 0 1
0 0 0 1 1 1
1 1 1 1 1 1 Z=3
1 1 1 1 1 1
1 1 1 1 1 1
0 0 0 1 1 1
0 0 0 1 0 1
0 0 0 1 1 1
0 0 0 0 0 0 Z=4
0 0 0 0 0 0
0 0 0 0 0 0
0 0 0 1 1 1
0 0 0 1 0 1
0 0 0 1 1 1
0 0 0 0 0 0 Z=5
0 0 0 0 0 0
0 0 0 0 0 0
0 0 0 1 1 1
0 0 0 1 0 1
0 0 0 1 1 1
0 0 0 0 0 0 Z=6
0 0 0 0 0 0
0 0 0 0 0 0
0 0 0 1 1 1
0 0 0 1 1 1
0 0 0 1 1 1
3
1 1 1 0
Use A and D to move left and right.
4 1 1 0
Use W and S to move up and down.
4 4 1 0
Use R(up) and F(down) to move in and out.